[char]
A 1
B 2
C 3
D 4
E 5
F 6
G 7
H 8
I 9
J 10
K 11
L 12
M 13
N 14
O 15
P 16
Q 17
R 18
S 19
T 20
U 21
V 22
W 23
X 24
Y 25
Z 26
a 27
b 28
c 29
d 30
e 31
f 32
g 33
h 34
i 35
j 36
k 37
l 38
m 39
n 40
o 41
p 42
q 43
r 44
s 45
t 46
u 47
v 48
w 49
x 50
y 51
z 52
0 53
1 54
2 55
3 56
4 57
5 58
6 59
7 60
8 61
9 62
? 72
* 82
# 83
% 84
, 78
' 70
. 76
; 79
: 77
/ 80
\ 81
" 66
( 86
) 87
! 74
¡ 75
¿ 73
ç 71
- 88
ß 89
Ç 91
á 27 63
č 29 90
ď 30 90
é 31 63
ě 31 90
í 35 63
ň 40 90
ó 41 63
ř 44 90
š 45 90
ť 46 63
ú 47 63
ů 47 68
ý 51 63
ž 52 90
ä 27 66
ö 41 66
ü 47 66
ñ 40 67
ó 41 63
à 27 64
è 31 64
ì 35 64
ò 41 64
ù 47 64
â 27 65
ê 31 65
î 35 65
ô 41 65
û 47 65
ã 27 67
õ 41 67
Ä 1 1066
Ö 15 1066
Ü 21 1066
Á 1 1063
É 5 1063
Í 9 1063
Ó 15 1063
Ú 21 1063
Č 3 1090
Ě 5 1090
Ň 14 1090
Š 19 1090
Ž 26 1090
Õ 15 1067
À 1 1064

[blank_char]
7,
[cap_offset]
2,
[row]
28,57,89,91,
[height]
12,
[width]
7,7,7,7,7,7,7,7,4,7,7,7,9,8,7,7,7,7,7,8,7,7,9,7,8,7,7,7,7,7,7,6,7,7,4,5,7,4,10,7,7,7,7,7,7,6,7,7,9,7,7,7,7,6,7,7,7,7,7,7,7,7,7,7,7,7,7,7,7,4,7,7,7,4,4,4,4,4,4,7,7,7,7,9,4,5,5,6,8,7,7,
